1800.0 4.724999999999917 0
1781.818181818182 10.00676487792234 0
1763.6363636363637 15.223438922458026 0
1745.4545454545455 20.37636153392538 0
1727.2727272727275 25.466808049987062 0
1709.0909090909092 30.49598948690232 0
1690.909090909091 35.46505226835211 0
1672.727272727273 40.375077941110845 0
1654.5454545454545 45.22708287677026 0
1636.3636363636365 50.02201795867062 0
1618.1818181818185 54.76076825313651 0
1600.0 59.44415266403763 0
1581.818181818182 64.07292356963544 0
1563.6363636363637 68.64776644059103 0
1545.4545454545457 73.16929943792279 0
1527.2727272727273 77.63807298961581 0
1509.0909090909092 82.05456934447972 0
1490.9090909090912 86.41920210174217 0
1472.7272727272727 90.73231571474771 0
1454.5454545454547 94.99418496699256 0
1436.3636363636365 99.20501441859425 0
1418.1818181818182 103.36493782112541 0
1400.0 107.47401749857788 0
1381.818181818182 111.53224369202437 0
1363.6363636363637 115.53953386534725 0
1345.4545454545455 119.49573196916559 0
1327.2727272727275 123.40060765984401 0
1309.0909090909092 127.2538554701862 0
1290.909090909091 131.05509392811035 0
1272.727272727273 134.80386461926068 0
1254.5454545454547 138.499631189134 0
1236.3636363636365 142.14177827988124 0
1218.1818181818182 145.72961039648163 0
1200.0000000000002 149.26235069646637 0
1181.8181818181818 152.7391396967978 0
1163.6363636363637 156.1590338908649 0
1145.4545454545457 159.52100426783855 0
1127.2727272727273 162.82393472582754 0
1109.0909090909092 166.06662036937374 0
1090.909090909091 169.24776568081342 0
1072.7272727272727 172.36598255389086 0
1054.5454545454545 175.41978817672708 0
1036.3636363636365 178.4076027497906 0
1018.1818181818184 181.32774702287938 0
1000.0 184.1784396332498 0
981.818181818182 186.95779422491515 0
963.6363636363636 189.66381632671244 0
945.4545454545455 192.2943999639812 0
927.2727272727275 194.84732397553248 0
909.0909090909091 197.32024800396007 0
890.909090909091 199.71070812317046 0
872.7272727272727 202.01611206218737 0
854.5454545454546 204.23373397871453 0
836.3636363636365 206.3607087294681 0
818.1818181818182 208.39402557675763 0
800.0 210.33052126200278 0
781.8181818181819 212.16687236656745 0
763.6363636363636 213.89958686818431 0
745.4545454545456 215.52499478695094 0
727.2727272727274 217.03923779796358 0
709.0909090909091 218.43825766753676 0
690.909090909091 219.71778334595078 0
672.7272727272727 220.87331652088355 0
654.5454545454546 221.9001154010256 0
636.3636363636365 222.79317645743538 0
618.1818181818182 223.54721379919982 0
600.0000000000001 224.15663579762196 0
581.8181818181819 224.6155184965339 0
563.6363636363636 224.91757525158633 0
545.4545454545455 225.05612192348747 0
527.2727272727273 225.02403680254042 0
509.0909090909092 224.8137142556448 0
490.909090909091 224.4170108503652 0
472.72727272727275 223.82518240769778 0
454.54545454545456 223.02881004381567 0
436.3636363636364 222.017712750965 0
418.18181818181824 220.78084339621094 0
400.0 219.306164123514 0
381.8181818181818 217.58049594278125 0
363.6363636363637 215.58933565240147 0
345.4545454545455 213.31663098148115 0
327.2727272727273 210.74450167129964 0
309.0909090909091 207.85288970696362 0
290.90909090909093 204.619115376619 0
272.72727272727275 201.01730617973539 0
254.5454545454546 197.01765102088407 0
236.36363636363637 192.58540954888232 0
218.1818181818182 187.6795705754858 0
200.0 182.25099451303157 0
181.81818181818184 176.23977432623582 0
163.63636363636365 169.57137113538747 0
145.45454545454547 162.15074781533377 0
127.2727272727273 153.85306502119062 0
109.0909090909091 144.5081012661624 0
90.90909090909092 133.872287269467 0
72.72727272727273 121.57365553106445 0
54.54545454545455 106.98847807587973 0
36.36363636363637 88.90403729343299 0
18.181818181818183 64.19534291489246 0
0.0 0.0 0
0.0 0.0 0
18.181818181818183 -64.19534291489246 0
36.36363636363637 -88.90403729343299 0
54.54545454545455 -106.98847807587973 0
72.72727272727273 -121.57365553106445 0
90.90909090909092 -133.872287269467 0
109.0909090909091 -144.5081012661624 0
127.2727272727273 -153.85306502119062 0
145.45454545454547 -162.15074781533377 0
163.63636363636365 -169.57137113538747 0
181.81818181818184 -176.23977432623582 0
200.0 -182.25099451303157 0
218.1818181818182 -187.6795705754858 0
236.36363636363637 -192.58540954888232 0
254.5454545454546 -197.01765102088407 0
272.72727272727275 -201.01730617973539 0
290.90909090909093 -204.619115376619 0
309.0909090909091 -207.85288970696362 0
327.2727272727273 -210.74450167129964 0
345.4545454545455 -213.31663098148115 0
363.6363636363637 -215.58933565240147 0
381.8181818181818 -217.58049594278125 0
400.0 -219.306164123514 0
418.18181818181824 -220.78084339621094 0
436.3636363636364 -222.017712750965 0
454.54545454545456 -223.02881004381567 0
472.72727272727275 -223.82518240769778 0
490.909090909091 -224.4170108503652 0
509.0909090909092 -224.8137142556448 0
527.2727272727273 -225.02403680254042 0
545.4545454545455 -225.05612192348747 0
563.6363636363636 -224.91757525158633 0
581.8181818181819 -224.6155184965339 0
600.0000000000001 -224.15663579762196 0
618.1818181818182 -223.54721379919982 0
636.3636363636365 -222.79317645743538 0
654.5454545454546 -221.9001154010256 0
672.7272727272727 -220.87331652088355 0
690.909090909091 -219.71778334595078 0
709.0909090909091 -218.43825766753676 0
727.2727272727274 -217.03923779796358 0
745.4545454545456 -215.52499478695094 0
763.6363636363636 -213.89958686818431 0
781.8181818181819 -212.16687236656745 0
800.0 -210.33052126200278 0
818.1818181818182 -208.39402557675763 0
836.3636363636365 -206.3607087294681 0
854.5454545454546 -204.23373397871453 0
872.7272727272727 -202.01611206218737 0
890.909090909091 -199.71070812317046 0
909.0909090909091 -197.32024800396007 0
927.2727272727275 -194.84732397553248 0
945.4545454545455 -192.2943999639812 0
963.6363636363636 -189.66381632671244 0
981.818181818182 -186.95779422491515 0
1000.0 -184.1784396332498 0
1018.1818181818184 -181.32774702287938 0
1036.3636363636365 -178.4076027497906 0
1054.5454545454545 -175.41978817672708 0
1072.7272727272727 -172.36598255389086 0
1090.909090909091 -169.24776568081342 0
1109.0909090909092 -166.06662036937374 0
1127.2727272727273 -162.82393472582754 0
1145.4545454545457 -159.52100426783855 0
1163.6363636363637 -156.1590338908649 0
1181.8181818181818 -152.7391396967978 0
1200.0000000000002 -149.26235069646637 0
1218.1818181818182 -145.72961039648163 0
1236.3636363636365 -142.14177827988124 0
1254.5454545454547 -138.499631189134 0
1272.727272727273 -134.80386461926068 0
1290.909090909091 -131.05509392811035 0
1309.0909090909092 -127.2538554701862 0
1327.2727272727275 -123.40060765984401 0
1345.4545454545455 -119.49573196916559 0
1363.6363636363637 -115.53953386534725 0
1381.818181818182 -111.53224369202437 0
1400.0 -107.47401749857788 0
1418.1818181818182 -103.36493782112541 0
1436.3636363636365 -99.20501441859425 0
1454.5454545454547 -94.99418496699256 0
1472.7272727272727 -90.73231571474771 0
1490.9090909090912 -86.41920210174217 0
1509.0909090909092 -82.05456934447972 0
1527.2727272727273 -77.63807298961581 0
1545.4545454545457 -73.16929943792279 0
1563.6363636363637 -68.64776644059103 0
1581.818181818182 -64.07292356963544 0
1600.0 -59.44415266403763 0
1618.1818181818185 -54.76076825313651 0
1636.3636363636365 -50.02201795867062 0
1654.5454545454545 -45.22708287677026 0
1672.727272727273 -40.375077941110845 0
1690.909090909091 -35.46505226835211 0
1709.0909090909092 -30.49598948690232 0
1727.2727272727275 -25.466808049987062 0
1745.4545454545455 -20.37636153392538 0
1763.6363636363637 -15.223438922458026 0
1781.818181818182 -10.00676487792234 0
1800.0 -4.724999999999917 0
